! EM field energy per field component
  Iter        Time                          B1                      B2                      B3                      E1                      E2                      E3
     0   0.0000000      0.0000000000000000E+00  0.0000000000000000E+00  1.2402172911252983E+07  1.5827179434883952E+08  1.2402172911260329E+07  0.0000000000000000E+00
  1000   30.000000      6.2910485952236261E-05  6.9010457619547743E-05  1.4205503254578364E+08  1.5920648250183357E+07  1.4977664943406658E+07  4.8341898589476594E-05
  2000   60.000000      1.3852250650878523E-01  1.6069691684765705E-01  3.4398529389187254E+07  1.1100612148538512E+08  1.6825459728335850E+07  1.1322780143324322E-01
  3000   90.000000      1.6269978156356990E-01  1.9609057159919943E-01  1.0407252954546160E+08  3.0076925736929443E+07  1.6218171018896874E+07  1.5681742208640426E-01
  4000   120.00000      2.9093342269117717E-01  3.4290962638699696E-01  4.6940492460739650E+07  7.4582742944680095E+07  1.4175341790722055E+07  5.7531539499326589E-01
  5000   150.00000      6.5999472508943202E-01  6.9654165684177693E-01  6.4178465266466230E+07  4.0108895760719933E+07  1.3354682595756358E+07  1.5686838431008563E+00
  6000   180.00000      1.2738675940895954E+00  1.3478336993203788E+00  4.0361696280088231E+07  3.2646223621968590E+07  1.3044894589530393E+07  3.2565784163272338E+00
  7000   210.00000      2.0118406268520213E+00  2.2570197588016527E+00  1.8258356114537939E+07  8.2042585921033183E+06  1.2132088456823755E+07  5.4408638763732071E+00
  8000   240.00000      2.8039953754806546E+00  3.1695657732926263E+00  1.2626628944580149E+07  1.9301465153217143E+06  1.0822862137244999E+07  7.7554855437445038E+00
  9000   270.00000      3.5060905738960839E+00  3.7479524642093760E+00  1.1417103108857138E+07  7.6317939499651582E+05  1.0705590545354152E+07  9.5843452890313348E+00
 10000   300.00000      3.8542618473875221E+00  3.9570188783800946E+00  1.1089575612941427E+07  4.7353860670795979E+05  1.0687436389053347E+07  1.0418663108504544E+01
