! Kinetic energy for species "ions"
  Iter        Time          Total Par.             Kin. Energy
     0   0.0000000            4800000  1.9565119253817060E-02
  1000   30.000000           19200000  2.9678423021844571E+00
  2000   60.000000           33168000  2.4274441284397551E+02
  3000   90.000000           33168000  6.2637011154170123E+03
  4000   120.00000           33168000  1.2821794722341702E+05
  5000   150.00000           33168000  4.1779678867399797E+05
  6000   180.00000           33168000  5.9768599207406538E+05
  7000   210.00000           33168000  7.4733706544930988E+05
  8000   240.00000           33168000  8.6155731156028109E+05
  9000   270.00000           33168000  9.4942208411108912E+05
 10000   300.00000           20447051  1.0286133491721326E+06
