! Kinetic energy for species "positrons"
  Iter        Time          Total Par.             Kin. Energy
     0   0.0000000                  0  0.0000000000000000E+00
  1000   30.000000                  0  0.0000000000000000E+00
  2000   60.000000                  0  0.0000000000000000E+00
  3000   90.000000                 17  5.7674627643107806E-05
  4000   120.00000              27574  1.2804688808750677E+00
  5000   150.00000             216317  1.7097415600922144E+01
  6000   180.00000             412955  3.1091365494842524E+01
  7000   210.00000             519704  3.7830166258870335E+01
  8000   240.00000             586657  4.2021318412881755E+01
  9000   270.00000             602997  4.4266034110611741E+01
 10000   300.00000             606362  4.7959142066040378E+01
