  Iter        Time               Rad. Ene. (Class.) Rad. Ene. (QED, non-tracked)     Rad. Ene. (QED, tracked) Rad. Ene. (Brem, nn-tracked)    Rad. Ene. (Brem, tracked)
     0   0.0000000           0.0000000000000000E+00       0.0000000000000000E+00       0.0000000000000000E+00       0.0000000000000000E+00       0.0000000000000000E+00
  1000   30.000000           0.0000000000000000E+00       0.0000000000000000E+00       0.0000000000000000E+00       0.0000000000000000E+00       0.0000000000000000E+00
  2000   60.000000           0.0000000000000000E+00       0.0000000000000000E+00       0.0000000000000000E+00       0.0000000000000000E+00       0.0000000000000000E+00
  3000   90.000000           0.0000000000000000E+00       5.5031766909869178E-10       0.0000000000000000E+00       0.0000000000000000E+00       0.0000000000000000E+00
  4000   120.00000           0.0000000000000000E+00       1.8903096279506021E-03       1.5115479448951863E-02       0.0000000000000000E+00       0.0000000000000000E+00
  5000   150.00000           0.0000000000000000E+00       1.9491425533174678E-02       2.0106782251888905E-01       0.0000000000000000E+00       0.0000000000000000E+00
  6000   180.00000           0.0000000000000000E+00       3.5983552478506910E-02       3.4029367035719116E-01       0.0000000000000000E+00       0.0000000000000000E+00
  7000   210.00000           0.0000000000000000E+00       4.2577284738610922E-02       3.8100182678538214E-01       0.0000000000000000E+00       0.0000000000000000E+00
  8000   240.00000           0.0000000000000000E+00       4.6266393281280280E-02       3.9608881534929385E-01       0.0000000000000000E+00       0.0000000000000000E+00
  9000   270.00000           0.0000000000000000E+00       4.8423401325861100E-02       4.0075549747318018E-01       0.0000000000000000E+00       0.0000000000000000E+00
 10000   300.00000           0.0000000000000000E+00       4.9459054062439681E-02       4.0279598432552582E-01       0.0000000000000000E+00       0.0000000000000000E+00
