! Kinetic energy for species "electrons"
  Iter        Time          Total Par.             Kin. Energy
     0   0.0000000            4800000  1.9491420347196024E-02
  1000   30.000000           19200000  1.8825444108369791E+01
  2000   60.000000           33168000  2.3131699582087140E+03
  3000   90.000000           33167991  2.0394261082925659E+05
  4000   120.00000           33183678  1.6550987551360952E+06
  5000   150.00000           33252783  1.9643382591051713E+06
  6000   180.00000           33186260  1.5076064637447866E+06
  7000   210.00000           32735208  1.3121187021116400E+06
  8000   240.00000           32251055  1.2253679398801411E+06
  9000   270.00000           31758558  1.1595290423372267E+06
 10000   300.00000           31072126  1.0704150362787391E+06
