  Iter        Time               Rad. Ene. (Class.) Rad. Ene. (QED, non-tracked)     Rad. Ene. (QED, tracked) Rad. Ene. (Brem, nn-tracked)    Rad. Ene. (Brem, tracked)
     0   0.0000000           0.0000000000000000E+00       0.0000000000000000E+00       0.0000000000000000E+00       0.0000000000000000E+00       0.0000000000000000E+00
  1000   30.000000           0.0000000000000000E+00       0.0000000000000000E+00       0.0000000000000000E+00       0.0000000000000000E+00       0.0000000000000000E+00
  2000   60.000000           0.0000000000000000E+00       1.2381192035784019E-02       0.0000000000000000E+00       0.0000000000000000E+00       0.0000000000000000E+00
  3000   90.000000           0.0000000000000000E+00       1.3150460677740220E+03       6.5946898868637402E+02       0.0000000000000000E+00       0.0000000000000000E+00
  4000   120.00000           0.0000000000000000E+00       4.0274469147226184E+04       1.6454422329472288E+05       0.0000000000000000E+00       0.0000000000000000E+00
  5000   150.00000           0.0000000000000000E+00       1.0627964638938749E+05       5.7185150861920603E+05       0.0000000000000000E+00       0.0000000000000000E+00
  6000   180.00000           0.0000000000000000E+00       1.3766084638388030E+05       6.7292266444211057E+05       0.0000000000000000E+00       0.0000000000000000E+00
  7000   210.00000           0.0000000000000000E+00       1.4132837023289752E+05       6.7902475814433279E+05       0.0000000000000000E+00       0.0000000000000000E+00
  8000   240.00000           0.0000000000000000E+00       1.4200886531823507E+05       6.7949214264165016E+05       0.0000000000000000E+00       0.0000000000000000E+00
  9000   270.00000           0.0000000000000000E+00       1.4234136679463409E+05       6.7958201034468040E+05       0.0000000000000000E+00       0.0000000000000000E+00
 10000   300.00000           0.0000000000000000E+00       1.4257904491465984E+05       6.7960568046267482E+05       0.0000000000000000E+00       0.0000000000000000E+00
