  Iter        Time           Total Pairs (BW)      Total Weight (BW)      Total Energy (BW)       Total Pairs (BH)      Total Weight (BH)      Total Energy (BH)
     0   0.0000000                  0      0.0000000000000000E+00      0.0000000000000000E+00             0      0.0000000000000000E+00      0.0000000000000000E+00
  1000   30.000000                  0      0.0000000000000000E+00      0.0000000000000000E+00             0      0.0000000000000000E+00      0.0000000000000000E+00
  2000   60.000000                  0      0.0000000000000000E+00      0.0000000000000000E+00             0      0.0000000000000000E+00      0.0000000000000000E+00
  3000   90.000000                  0      0.0000000000000000E+00      0.0000000000000000E+00            17      7.9838628838673484E-04      7.6512906617067073E-06
  4000   120.00000                  0      0.0000000000000000E+00      0.0000000000000000E+00         27574      2.2354855502089377E+00      5.8996441046054726E-02
  5000   150.00000                  0      0.0000000000000000E+00      0.0000000000000000E+00        216317      1.4579480440598706E+01      4.6307104026859419E-01
  6000   180.00000                  0      0.0000000000000000E+00      0.0000000000000000E+00        412955      2.6812350030046137E+01      8.5064754141329502E-01
  7000   210.00000                  0      0.0000000000000000E+00      0.0000000000000000E+00        519704      3.3636138038351227E+01      1.0589232235689681E+00
  8000   240.00000                  0      0.0000000000000000E+00      0.0000000000000000E+00        587050      3.7723089444261483E+01      1.1824171147770002E+00
  9000   270.00000                  0      0.0000000000000000E+00      0.0000000000000000E+00        635782      4.0543898676896077E+01      1.2692465904909724E+00
 10000   300.00000                  0      0.0000000000000000E+00      0.0000000000000000E+00        654449      4.1801730476856228E+01      1.3081162574746430E+00
