! Kinetic energy for species "photons"
  Iter        Time          Total Par.             Kin. Energy
     0   0.0000000                  0  0.0000000000000000E+00
  1000   30.000000                  0  0.0000000000000000E+00
  2000   60.000000                  0  0.0000000000000000E+00
  3000   90.000000             202234  6.5939452348410930E+02
  4000   120.00000           10710561  1.6453812192437158E+05
  5000   150.00000           37440074  5.7183337183609535E+05
  6000   180.00000           44657964  6.7290046927811787E+05
  7000   210.00000           45222632  6.7884632087928173E+05
  8000   240.00000           39848311  5.6625140556982521E+05
  9000   270.00000           25516107  3.2486004883644532E+05
 10000   300.00000           18150761  2.1599358944168597E+05
