! EM field energy per field component
  Iter        Time                          B1                      B2                      B3                      E1                      E2                      E3
     0   0.0000000      0.0000000000000000E+00  0.0000000000000000E+00  1.2402172911252983E+07  1.5827179434883952E+08  1.2402172911260329E+07  0.0000000000000000E+00
  1000   30.000000      6.2910485952236261E-05  6.9010457619547743E-05  1.4205503254578364E+08  1.5920648250183357E+07  1.4977664943406658E+07  4.8341898589476594E-05
  2000   60.000000      1.3852250650878523E-01  1.6069691684765705E-01  3.4398529389187254E+07  1.1100612148538512E+08  1.6825459728335850E+07  1.1322780143324322E-01
  3000   90.000000      1.6270036692042666E-01  1.9609138425093220E-01  1.0407253323345885E+08  3.0076925917479262E+07  1.6218180256853219E+07  1.5681741990978212E-01
  4000   120.00000      2.9175372330148502E-01  3.4297614572411689E-01  4.6940494690762684E+07  7.4581170629086107E+07  1.4175155538741989E+07  5.7750245012620616E-01
  5000   150.00000      6.6264348461431244E-01  6.9829408328522968E-01  6.4174628781545728E+07  4.0110919775915094E+07  1.3352019815772768E+07  1.5742865113525286E+00
  6000   180.00000      1.2757435403770521E+00  1.3493018979795217E+00  4.0355037691938654E+07  3.2647271183862168E+07  1.3037712247406118E+07  3.2603384573299046E+00
  7000   210.00000      2.0092446633307839E+00  2.2536404553376705E+00  1.8253958483877361E+07  8.2035460230123186E+06  1.2126270174094759E+07  5.4338229603848198E+00
  8000   240.00000      2.7957989696624503E+00  3.1647494534998009E+00  1.2622075275030101E+07  1.9295224464448295E+06  1.0817979433337275E+07  7.7441328311315045E+00
  9000   270.00000      3.4924207953792132E+00  3.7371710071059496E+00  1.1410878867329132E+07  7.6287424692292348E+05  1.0699119188600546E+07  9.5623758502944032E+00
 10000   300.00000      3.8414814307974892E+00  3.9476205384860563E+00  1.1082797406525653E+07  4.7313041409200605E+05  1.0681230685079101E+07  1.0402256607614044E+01
