! Kinetic energy for species "electrons"
  Iter        Time          Total Par.             Kin. Energy
     0   0.0000000            4800000  1.9491420347196024E-02
  1000   30.000000           19200000  1.8825444108369791E+01
  2000   60.000000           33168000  2.3131699582087140E+03
  3000   90.000000           33167985  2.0393497865972301E+05
  4000   120.00000           33183202  1.6567762430910128E+06
  5000   150.00000           33246560  1.9686043008031496E+06
  6000   180.00000           33176159  1.5167148944014073E+06
  7000   210.00000           32723251  1.3171151249765102E+06
  8000   240.00000           32238080  1.2297384448450767E+06
  9000   270.00000           31741965  1.1640451163053368E+06
 10000   300.00000           31058193  1.0744467441466521E+06
