! Kinetic energy for species "positrons"
  Iter        Time          Total Par.             Kin. Energy
     0   0.0000000                  0  0.0000000000000000E+00
  1000   30.000000                  0  0.0000000000000000E+00
  2000   60.000000                  0  0.0000000000000000E+00
  3000   90.000000                 11  8.9268313740507776E-05
  4000   120.00000              27098  1.2941795621018539E+00
  5000   150.00000             210094  1.6796325415466274E+01
  6000   180.00000             402854  3.0706256631446369E+01
  7000   210.00000             507738  3.7461699806929772E+01
  8000   240.00000             573465  4.1698140254336792E+01
  9000   270.00000             589307  4.3951753549175699E+01
 10000   300.00000             592562  4.7609993002225607E+01
