! Kinetic energy for species "ions"
  Iter        Time          Total Par.             Kin. Energy
     0   0.0000000            4800000  1.9565119253817060E-02
  1000   30.000000           19200000  2.9678423021844571E+00
  2000   60.000000           33168000  2.4274441284397551E+02
  3000   90.000000           33168000  6.2637002789079652E+03
  4000   120.00000           33168000  1.2820106224479160E+05
  5000   150.00000           33168000  4.1792908848814596E+05
  6000   180.00000           33168000  6.0097119943073776E+05
  7000   210.00000           33168000  7.5290700767514063E+05
  8000   240.00000           33168000  8.6651108613663726E+05
  9000   270.00000           33168000  9.5532522181350773E+05
 10000   300.00000           20445748  1.0350266807149966E+06
