  Iter        Time               Rad. Ene. (Class.) Rad. Ene. (QED, non-tracked)     Rad. Ene. (QED, tracked) Rad. Ene. (Brem, nn-tracked)    Rad. Ene. (Brem, tracked)
     0   0.0000000           0.0000000000000000E+00       0.0000000000000000E+00       0.0000000000000000E+00       0.0000000000000000E+00       0.0000000000000000E+00
  1000   30.000000           0.0000000000000000E+00       0.0000000000000000E+00       0.0000000000000000E+00       0.0000000000000000E+00       0.0000000000000000E+00
  2000   60.000000           0.0000000000000000E+00       0.0000000000000000E+00       0.0000000000000000E+00       0.0000000000000000E+00       0.0000000000000000E+00
  3000   90.000000           0.0000000000000000E+00       2.7815185657642870E-11       0.0000000000000000E+00       0.0000000000000000E+00       0.0000000000000000E+00
  4000   120.00000           0.0000000000000000E+00       1.8694302567551922E-03       1.4653833615947714E-02       0.0000000000000000E+00       0.0000000000000000E+00
  5000   150.00000           0.0000000000000000E+00       1.8731115029204534E-02       1.8769298678996030E-01       0.0000000000000000E+00       0.0000000000000000E+00
  6000   180.00000           0.0000000000000000E+00       3.5152833190485400E-02       3.2106302319574082E-01       0.0000000000000000E+00       0.0000000000000000E+00
  7000   210.00000           0.0000000000000000E+00       4.1895911292747764E-02       3.6166390193418552E-01       0.0000000000000000E+00       0.0000000000000000E+00
  8000   240.00000           0.0000000000000000E+00       4.5561458056538134E-02       3.7627809783156391E-01       0.0000000000000000E+00       0.0000000000000000E+00
  9000   270.00000           0.0000000000000000E+00       4.7712908593731097E-02       3.8105692818160841E-01       0.0000000000000000E+00       0.0000000000000000E+00
 10000   300.00000           0.0000000000000000E+00       4.8749751892738398E-02       3.8334372655825177E-01       0.0000000000000000E+00       0.0000000000000000E+00
