  Iter        Time               Rad. Ene. (Class.) Rad. Ene. (QED, non-tracked)     Rad. Ene. (QED, tracked) Rad. Ene. (Brem, nn-tracked)    Rad. Ene. (Brem, tracked)
     0   0.0000000           0.0000000000000000E+00       0.0000000000000000E+00       0.0000000000000000E+00       0.0000000000000000E+00       0.0000000000000000E+00
  1000   30.000000           0.0000000000000000E+00       0.0000000000000000E+00       0.0000000000000000E+00       0.0000000000000000E+00       0.0000000000000000E+00
  2000   60.000000           0.0000000000000000E+00       1.2381192035784019E-02       0.0000000000000000E+00       0.0000000000000000E+00       0.0000000000000000E+00
  3000   90.000000           0.0000000000000000E+00       1.3154021070581198E+03       6.5358483133682751E+02       0.0000000000000000E+00       0.0000000000000000E+00
  4000   120.00000           0.0000000000000000E+00       4.0230795229808158E+04       1.6467636264326176E+05       0.0000000000000000E+00       0.0000000000000000E+00
  5000   150.00000           0.0000000000000000E+00       1.0619854326198812E+05       5.7201008942570747E+05       0.0000000000000000E+00       0.0000000000000000E+00
  6000   180.00000           0.0000000000000000E+00       1.3775574494235747E+05       6.7320946565841662E+05       0.0000000000000000E+00       0.0000000000000000E+00
  7000   210.00000           0.0000000000000000E+00       1.4142123185271854E+05       6.7926764303886460E+05       0.0000000000000000E+00       0.0000000000000000E+00
  8000   240.00000           0.0000000000000000E+00       1.4210462824184177E+05       6.7972609507248993E+05       0.0000000000000000E+00       0.0000000000000000E+00
  9000   270.00000           0.0000000000000000E+00       1.4244029884081494E+05       6.7981120279645280E+05       0.0000000000000000E+00       0.0000000000000000E+00
 10000   300.00000           0.0000000000000000E+00       1.4268082571239708E+05       6.7983393494305888E+05       0.0000000000000000E+00       0.0000000000000000E+00
