  Iter        Time           Total Pairs (BW)      Total Weight (BW)      Total Energy (BW)       Total Pairs (BH)      Total Weight (BH)      Total Energy (BH)
     0   0.0000000                  0      0.0000000000000000E+00      0.0000000000000000E+00             0      0.0000000000000000E+00      0.0000000000000000E+00
  1000   30.000000                  0      0.0000000000000000E+00      0.0000000000000000E+00             0      0.0000000000000000E+00      0.0000000000000000E+00
  2000   60.000000                  0      0.0000000000000000E+00      0.0000000000000000E+00             0      0.0000000000000000E+00      0.0000000000000000E+00
  3000   90.000000                  0      0.0000000000000000E+00      0.0000000000000000E+00            11      5.1500432715731698E-04      4.6194731820807044E-06
  4000   120.00000                  0      0.0000000000000000E+00      0.0000000000000000E+00         27098      2.2218202656768931E+00      5.6026056884559181E-02
  5000   150.00000                  0      0.0000000000000000E+00      0.0000000000000000E+00        210094      1.4458831502854103E+01      4.4542066119169343E-01
  6000   180.00000                  0      0.0000000000000000E+00      0.0000000000000000E+00        402854      2.6554474721498323E+01      8.1223503128929431E-01
  7000   210.00000                  0      0.0000000000000000E+00      0.0000000000000000E+00        507738      3.3346141752868533E+01      1.0077326626190835E+00
  8000   240.00000                  0      0.0000000000000000E+00      0.0000000000000000E+00        573852      3.7409482744270449E+01      1.1246308641790024E+00
  9000   270.00000                  0      0.0000000000000000E+00      0.0000000000000000E+00        621426      4.0174867563919364E+01      1.2072857043039209E+00
 10000   300.00000                  0      0.0000000000000000E+00      0.0000000000000000E+00        639851      4.1464644104613392E+01      1.2463956751761516E+00
