! Kinetic energy for species "photons"
  Iter        Time          Total Par.             Kin. Energy
     0   0.0000000                  0  0.0000000000000000E+00
  1000   30.000000                  0  0.0000000000000000E+00
  2000   60.000000                  0  0.0000000000000000E+00
  3000   90.000000             201836  6.5351104697668302E+02
  4000   120.00000           10709540  1.6467026397371807E+05
  5000   150.00000           37444671  5.7199196117176558E+05
  6000   180.00000           44696961  6.7318727939807158E+05
  7000   210.00000           45252469  6.7908882302292995E+05
  8000   240.00000           39867883  5.6619786468509864E+05
  9000   270.00000           25495227  3.2423803075297474E+05
 10000   300.00000           18128971  2.1535858490054368E+05
