10
input	3
batchnormalization	0
dense	8
relu	0
dense	16
relu	0
dense	8
relu	0
dense	1
sigmoid	0
0.0010000000474974513
-2.1477339e-01	4.9158761e-01	-2.4418476e-01	5.1961517e-01	-4.4049788e-01	1.9713749e-01	1.0694922e-01	1.6436170e-01
-5.0240606e-01	-6.9160694e-01	-3.4959935e-02	1.8314755e-01	2.3532946e-01	3.1346679e-01	6.9294924e-01	4.5992807e-01	4.6745029e-01	7.0926672e-01	4.9739569e-01	-3.9460316e-01	-4.0895572e-01	1.0371983e-01	7.3406178e-01	-2.2372201e-02
1.9971827e-01	2.9263344e-01	-3.1005895e-01	4.8469880e-01	2.3033376e-01	3.5094652e-01	4.7772935e-01	2.5461766e-01
-3.7748890e+00
-8.1641003e-02	-2.4674367e-02	-9.7685367e-01	4.8654646e-01	5.0481993e-01	-1.8060903e-01	-7.6296651e-03	-8.7452197e-01	1.6802226e-01	3.5635384e-03	1.1732671e-01	-2.7125949e-01	8.4443140e-01	8.0136263e-01	-3.7050262e-02	-2.2150789e-01	3.2348128e-03	8.8941437e-01	4.6385437e-01	4.7610727e-01	4.5927644e-01	-7.0028968e-02	1.6304848e-01	-1.2095896e-01
8.6708081e-01	1.6575590e-01	2.1496218e-01	-1.6311328e-01	2.1431614e-01	3.6039343e-01	3.6484754e-01	-9.5625380e-03	1.9197093e-01	4.1017729e-01	4.5064831e-01	2.1212649e-01	-1.3591597e-02	-7.2391722e-03	-1.9661680e-01	6.5834266e-01	7.0466775e-01	-6.4138705e-01	-3.8677725e-01	4.4233781e-01	4.1011989e-01	6.0828078e-01	3.9678377e-01	-3.2136747e-01	-4.6379915e-03	2.8532168e-01	-6.2333220e-01	4.5732852e-02	3.8396694e-02	1.9912659e-01	3.3181536e-01	3.3250561e-01	5.8921399e-03	5.6256729e-01	-6.9217336e-01	3.3363125e-01	3.2174700e-01	1.1506660e-01	2.9188865e-01	-3.4806874e-01	-1.2949550e+00	7.1105826e-01	-6.3999569e-01	-9.1711394e-03	-1.2678541e-01	-2.6530766e-01	1.1059147e-02	1.2245245e-01	-4.3439142e-02	9.5335953e-02	-5.1614904e-01	-2.4805624e-02	-1.5403068e-01	-2.1408077e-02	-4.0467158e-01	6.3856528e-03	-3.6077261e-01	6.7177892e-01	-2.3551846e-01	2.1911322e-01	1.3162121e-01	-3.4568128e-01	-5.7534754e-01	-1.8232515e-01	-3.4835002e-01	5.6056702e-01	-3.0329332e-01	3.8273832e-01	-1.2431651e-01	-2.9034844e-01	4.5661235e-01	5.1587665e-01	-2.2127922e-01	1.4847012e-01	5.6552869e-01	1.1145378e+00	-7.3442507e-01	-1.1830987e+00	-9.6992683e-01	-1.1556403e-01	-7.6152802e-01	6.5751898e-01	-1.2153016e-01	1.1270888e-01	9.2428780e-01	-2.3449970e-02	-7.7006280e-01	2.3314847e-01	3.3290327e-01	-2.9739174e-01	8.8567281e-01	8.5586376e-02	7.2465658e-01	4.0467402e-01	-1.1393084e-01	-8.2308585e-03	2.6722446e-01	2.6591751e-01	4.9700052e-01	-1.1220822e-01	5.5108762e-01	-6.2437665e-01	5.6727195e-01	-2.1254551e-01	2.2875464e-01	9.3636148e-02	4.6543252e-01	-3.2240021e-01	5.7426788e-02	1.1021008e+00	-5.7006832e-02	-9.2630424e-03	-3.1829178e-01	-5.1094592e-01	-3.8138688e-01	-2.3958581e-02	1.3120764e-01	-2.6601902e-01	-2.0019232e-01	1.3555495e-01	-4.6166313e-01	2.9830443e-02	-2.6352721e-01	-9.4194420e-02	-4.8176652e-01	-4.4333494e-01	-1.9369102e-01	1.1386127e-01
3.6074871e-01	-1.8119396e+00	-1.3997826e-01	1.6468314e+00	-8.3253139e-01	8.2381755e-01	-1.6026279e+00	1.9218326e+00	-1.7401062e+00	2.1317832e-01	2.2946417e-01	-1.3563299e-01	-1.4788083e+00	5.0059658e-01	-1.0050007e+00	-3.9350879e-01	-2.7230510e-01	-4.9274540e-01	-2.3760654e-01	3.1474653e-01	2.5522658e-01	7.9156202e-01	4.7935504e-01	-4.4696629e-02	-1.4131087e-01	-5.6772119e-01	5.6392753e-01	2.5346443e-02	4.9589416e-01	-1.3666961e-01	-1.5999470e+00	-1.0527637e-01	-2.4562743e-02	-7.0499992e-01	-9.3183547e-01	-2.6458176e-03	6.5186822e-01	2.6704317e-01	-1.3753201e+00	3.0124035e-01	-2.1456784e-01	-1.2082131e-01	3.2241344e-02	-4.5583153e+00	4.6729544e-01	-9.3883443e-01	-1.9017504e+00	1.8139088e-01	-1.1362160e-01	-4.1497311e-01	3.4826055e-01	1.8482397e-01	5.0084764e-01	-5.7040882e-01	1.1265695e-01	2.6929408e-01	2.2142911e-01	7.7833313e-01	-8.9774412e-01	-1.2450575e+00	-4.0553313e-01	1.2424386e-01	-5.6682831e-01	3.4790754e-01	-1.8542910e-01	-2.8564882e-01	-4.7179928e-01	2.5465694e-01	1.7262641e-01	5.6569213e-01	-2.4047883e-01	5.5665654e-01	5.1800883e-01	-6.2100852e-01	3.9889425e-01	-1.7862457e-01	4.3078992e-01	6.3515522e-02	-8.2581770e-01	1.5414459e-01	8.1214261e-01	1.4124638e-01	9.6309817e-01	-3.4492722e-01	-2.2727221e-02	-1.8936931e-01	-4.5884266e-02	-4.9198288e-01	1.5119568e-02	2.0424432e-01	1.6934659e-01	-1.5950485e-01	-8.5036486e-01	-4.3339169e-01	-7.1311587e-01	-8.3774447e-02	-7.8792518e-01	-1.4677866e-01	-6.1757678e-01	3.2299927e-01	-4.4892076e-02	1.9243218e-01	9.0071887e-02	3.3087501e-01	6.2063634e-01	-8.7336615e-02	4.9889651e-01	-1.6264854e-02	7.6427966e-02	-3.2844919e-01	-6.0913610e-01	2.6957831e-01	1.4259499e-01	-6.3090932e-01	-3.9140597e-01	3.9640346e-01	4.2468473e-01	-1.3383645e+00	-1.1147369e+00	-1.2943622e+00	-5.2404743e-01	8.8913304e-01	-5.1504612e-01	-3.7528041e-01	8.6838800e-01	4.3785334e-01	-9.0263998e-03	2.7814770e-01
2.0750437e+00	3.5899204e-01	6.1056882e-01	1.0372497e+00	7.8826374e-01	3.3696648e-01	9.1137856e-01	1.4137458e+00
2.4357110e-01	-2.1465773e-02	-1.3125513e-01
9.7271234e-02	1.0504853e+00	8.8908118e-01
1.2822201e+00	2.5924811e+00	7.6777995e-01
1.4424074e-01	1.1777259e+00	1.6818322e-02

