8
input	2
batchnormalization	0
dense	12
relu	0
dense	12
relu	0
dense	1
sigmoid	0
0.0010000000474974513
-6.1414652e-03	-3.2574406e-01	1.0679411e+00	-1.2462921e-01	-1.8557926e+00	4.6095181e-01	-2.3952618e-01	-8.3316594e-01	7.1810466e-01	2.0853508e-01	5.0659621e-01	1.3845482e+00
2.1545936e-01	8.2747972e-01	-2.4334608e-02	-1.1661948e-01	2.4027593e-02	-4.2062651e-02	-2.9043591e-01	1.2789112e-01	-7.0894958e-04	1.7887795e-01	-2.1223973e-01	1.6846402e-01
-1.8568836e-01
3.5489577e-01	6.7504948e-01	4.3367031e-01	-1.3720655e-02	-7.2510064e-01	2.9141104e-01	7.2521073e-01	5.3163624e-01	-7.3944455e-01	-2.4210224e+00	2.2473496e-01	-4.1516089e-01	7.8289104e-01	3.4099642e-02	4.2960998e-02	-1.6078601e+00	-2.0245129e-01	-5.7173800e-01	-8.4250532e-03	4.0275475e-01	-7.3448175e-01	5.0934947e-01	-2.6642779e-01	-2.4388558e-01
4.8728177e-01	1.0921890e-01	6.4324164e-01	-3.0685329e-01	1.0419927e+00	5.6195611e-01	-4.8544154e-01	2.6417031e+00	5.9438574e-01	-1.4182873e-01	5.6699848e-01	1.6077663e-01	1.0569171e-01	-1.0981710e-01	1.0560079e+00	-6.7558020e-01	-2.0504556e+00	2.1787851e-01	-3.2083723e-01	-1.7433980e+00	-1.1140062e-01	1.9891465e-01	5.9620850e-02	5.8275610e-01	2.6609790e-01	-2.2404194e-03	-9.7033225e-02	-3.9421022e-01	2.2679242e-01	-4.1041851e-01	2.2322083e-01	-2.9139030e-01	1.1642092e-01	-4.6785223e-01	-1.5087043e-01	1.2386210e-02	4.3469536e-01	-3.1521887e-01	-1.6486353e+00	3.9920438e-02	1.1973380e-01	-1.5137778e-01	6.0485929e-01	-2.8949711e+01	8.1044084e-01	-5.0062370e-02	-7.9808213e-02	-8.8033313e-01	4.5898756e-01	7.4441010e-01	-2.7570885e-01	-1.2000050e-01	7.5687696e-03	-2.6260611e-01	5.8413965e-01	4.5638523e-01	6.8157774e-01	1.3363120e-01	7.6469296e-01	-8.2049185e-01	-4.1987446e-01	2.9102120e-01	-2.0043227e-01	4.0090641e-01	5.0814629e-02	1.0902476e-01	-3.6681435e-01	-3.0343139e-01	-2.8432599e-01	4.4116196e-01	-4.8488069e-01	-4.1610238e-01	5.0342208e-01	2.1040675e-01	-2.4739759e+00	3.4516266e-01	2.7061996e-01	1.1461547e-01	3.9934826e-01	-5.0232685e-01	-2.3327507e-02	-3.4081244e-01	-4.6760696e-01	-2.8914104e+00	1.2547085e-01	7.7240062e-01	-1.2447499e-01	2.4576750e-01	1.0401689e-01	-3.9451926e+00	-9.0294242e-01	1.5377787e-01	-3.4838657e+01	3.1161866e-01	4.0830421e-01	-8.2841855e-01	-1.7768222e-01	2.1252118e-01	-8.3791614e-01	3.2434434e-01	-2.0536882e+01	2.3921870e-01	3.0304649e-01	5.6454504e-01	6.1808592e-01	-4.5139626e-02	3.3862880e-01	-1.8088982e-01	-3.2870378e-02	9.4006115e-01	1.7200521e-01	6.6039139e-01	5.2874144e-03	-4.0324408e-01	2.5091350e-01	1.4789483e-01	-3.5652083e-01	4.1845417e-01	-2.7558678e-01	2.3724242e-01	-2.7219409e-03	2.6933441e-01	-3.6221433e+00	-2.2114192e-01	1.2644444e-03	4.6369591e-01	5.7450980e-01	-1.8873317e+00	-6.8830246e-01	-1.7127648e-01	-1.1755313e-01	-5.6348854e-01	3.1566655e-03	1.9380419e-01	7.9790777e-01	-2.2073030e-01	-3.7542148e+00	1.6243021e-01	9.4572015e-02	-3.2438989e+00	-6.2786475e-02	-3.5982072e-01	7.7509195e-01	4.6902341e-01
9.0323579e-01	-1.1906822e+00	-1.4423427e-01	-8.8918614e-01	-4.6773675e-01	4.4256368e-01	-6.1929088e+00	-1.5021661e-01	-7.1825320e-01	-7.5076640e-01	-1.3836513e+00	8.0366045e-01
-2.5419912e-01	5.6011140e-01
1.2813700e+00	1.2879244e+00
8.4978938e-01	1.5158389e+00
4.4173288e-01	1.4877038e+00
